185
462
412
390
313
285
358
79
125
432
13
89
313
430
103
182
43
13
41
13
288
0
25
335
69
301
228
354
48
343
22
276
401
4
177
85
493
334
360
69
114
93
211
444
46
447
122
362
305
468
45
236
134
93
416
363
435
278
415
176
37
420
428
254
350
281
488
337
72
209
151
281
458
399
86
454
379
415
32
66
210
94
318
404
202
342
462
2
59
151
197
295
441
293
124
280
195
34
227
144
407
460
231
201
409
391
310
187
461
253
448
36
455
183
89
116
396
29
251
333
95
46
26
156
183
50
81
197
275
102
287
12
215
252
121
441
356
69
108
50
360
289
473
269
143
61
327
263
226
316
68
106
144
45
266
73
12
110
47
58
449
275
322
381
176
45
100
184
52
367
270
386
74
426
37
338
124
310
421
407
426
359
479
325
263
107
89
343
18
84
107
176
331
243
220
142
120
34
319
210
294
123
259
454
143
171
210
207
161
472
70
279
32
255
123
349
420
138
465
385
59
241
234
147
47
286
273
409
322
496
77
380
379
95
397
385
346
94
233
471
426
69
133
424
352
496
176
207
35
205
144
39
415
373
0
337
146
291
445
423
191
432
403
353
17
68
420
103
296
413
308
237
347
56
384
165
494
414
136
323
338
472
382
57
205
78
18
173
259
274
316
463
469
380
348
251
470
112
327
275
371
143
256
393
489
317
489
377
246
202
349
408
344
119
415
160
156
299
427
136
153
343
342
243
95
257
475
117
362
138
376
377
269
16
237
178
409
416
305
480
301
380
89
432
270
167
20
291
280
266
352
163
386
18
1
116
447
110
373
483
459
132
423
442
119
169
221
363
37
402
132
239
442
262
145
395
276
346
109
222
168
151
233
386
362
237
448
364
288
372
118
430
301
481
189
221
446
149
241
108
365
418
389
330
67
322
195
366
282
88
482
220
468
15
295
382
15
179
315
485
383
124
322
260
66
306
340
239
40
155
347
97
357
352
18
259
218
222
442
370
475
19
14
21
74
107
98
55
404
61
228
31
147
427
496
39
302
482
85
320
244
319
139
259
251
432
404
26
340
178
71
95
400
240
287
151
448
215
143
368
206
158
337
250
156
397
335
369
169
283
402
111
384
174
173
318
431
39
357
478
